2.817469
3.091861
2.441725
2.817744
5.197181
8.459120
4.376202
9.145786
7.286569
1.723472
7.220099
8.809595
1.388928
1.976989
3.688711
3.907346
9.631671
9.495987
1.650410
1.943205
9.279823
5.432844
5.583362
6.456526
4.420972
9.601459
2.184637
8.685719
3.874660
8.261909
9.105410
3.283303
0.000000
0.000000
0.000000
0.000000
0.000000
0.000000
0.000000
0.000000
0.000000
0.000000
0.000000
0.000000
0.000000
0.000000
0.000000
0.000000
0.000000
0.000000
0.000000
0.000000
0.000000
0.000000
0.000000
0.000000
0.000000
0.000000
0.000000
0.000000
0.000000
0.000000
0.000000
0.000000
